6.0
16.0
44.0
120.0
328.0
896.0
2448.0
6688.0
18272.0
49920.0
136384.0
372608.0
1017984.0
2781184.0
7598336.0
20759040.0
56714752.0
154947584.0
423324672.0
1156544512.0
3159738368.0
8632565760.0
23584608256.0
64434348032.0
176037912576.0
480944521216.0
1.31396486758e+12
3.5898187776e+12
9.80756729037e+12
2.67947721359e+13
7.32046788526e+13
1.99998901977e+14
5.46407161659e+14
1.49281212727e+15
4.07843857786e+15
1.11425014103e+16
3.04418799763e+16
8.31687627731e+16
2.27221285499e+17
6.20780096544e+17
1.69600276409e+18
4.63356572126e+18
1.26591369707e+19
3.45854053839e+19
9.44890847091e+19
2.58148980186e+20
7.0527612979e+20
1.92685021995e+21
5.26425269949e+21
1.43822058389e+22
3.92929170767e+22
1.07350245831e+23
2.93286325816e+23
8.01273143294e+23
2.18911893822e+24
5.98078416303e+24
1.63398062025e+25
4.46411807311e+25
1.21961973867e+26
3.33206309196e+26
9.10336566127e+26
2.48708575065e+27
6.79484463355e+27
1.85638607684e+28
5.07174108039e+28
1.38562543145e+29
3.78559907897e+29
1.03424490208e+30
2.82560961996e+30
7.71970904408e+30
2.10906373281e+31
5.76206927443e+31
1.57422660145e+32
4.30086705778e+32
1.17501873185e+33
3.21021087525e+33
8.77045921419e+33
2.39613401789e+34
6.54635987861e+34
1.7884987793e+35
4.88626953432e+35
1.33495366272e+36
3.64716123231e+36
9.96422979008e+36
2.72227820448e+37
7.43740236697e+37
2.03193611429e+38
5.55135270197e+38
1.51665776325e+39
4.1435860669e+39
1.13204876603e+40
3.09281474544e+40
8.44972702295e+40
2.30850835368e+41
6.30696211194e+41
1.72309409312e+42
4.70758060864e+42
1.28613494035e+43
--------------
2.53589838486
9.07179676972
23.2153903092
64.5743741578
175.579528934
480.307806183
1311.77467023
3584.16495284
9791.87924614
26752.088398
73087.9352882
199680.047372
545535.965321
1490432.02539
4071935.98142
11124736.0136
30393343.99
83036160.0073
226859007.995
619790336.004
1693298688.0
4626178048.0
12638953472.0
34530263040.0
94338433024.0
257737392128.0
704151650304.0
1.92377808486e+12
5.25585947034e+12
1.43592751104e+13
3.92302691615e+13
1.07179088544e+14
2.9281871541e+14
7.99995607908e+14
2.18562864664e+15
5.97124850909e+15
1.63137543115e+16
4.45700056411e+16
1.21767519905e+17
3.32675051092e+17
9.08885141995e+17
2.48312038618e+18
6.78401105634e+18
1.8534262885e+19
5.06365478827e+19
1.38341621536e+20
3.77956338837e+20
1.03259592074e+21
2.82110451916e+21
7.70740087981e+21
2.10570107979e+22
5.75288233555e+22
1.57171668307e+23
4.29400983325e+23
1.17314530326e+24
3.20509257318e+24
8.75647575288e+24
2.39231366521e+25
6.535922481e+25
1.78564722924e+26
4.87847895468e+26
1.33282523679e+27
3.64134626451e+27
9.94834300259e+27
2.71793785342e+28
7.42554430735e+28
2.02869643215e+29
5.54250172578e+29
1.51423963159e+30
4.13697960833e+30
1.13024384798e+31
3.08788361763e+31
8.43625493123e+31
2.30482770977e+32
6.29690640579e+32
1.72034682311e+33
4.70007492738e+33
1.2840843501e+34
3.50818368568e+34
9.58453607155e+34
2.61854395145e+35
7.1539951172e+35
1.95450781373e+36
5.3398146509e+36
1.45886449293e+37
3.98569191603e+37
1.08891128179e+38
2.97496094679e+38
8.12774445716e+38
2.22054108079e+39
6.06663105301e+39
1.65743442676e+40
4.52819506412e+40
1.23712589818e+41
3.37989080918e+41
9.23403341471e+41
2.52278484478e+42
6.8923763725e+42